T_imu_cam3:
- [-0.019469743737, 0.220014336434, -0.975302322792, -0.038030372764]
- [-0.999728913538,-0.016741723417, 0.016180671589, -0.017346840190]
- [-0.012768262014, 0.975352965065, 0.220280650590, -0.109325231410]
- [0.000000000000, 0.000000000000, 0.000000000000, 1.000000000000]

T_body_cam0: 
  - [0.10032973, -0.99464403, 0.02484348, 0.06470826]
  - [-0.22840613, -0.04732758, -0.97241490, -0.06919658]
  - [0.96838246, 0.09188773, -0.23193116, -0.11574751]
  - [0.00000000, 0.00000000, 0.00000000, 1.00000000]

T_cam0_imu:
- [0.0032913296711550677, -0.999985850962836, -0.004179117505758639, -0.01767211933655907]
- [0.9999936552491826, 0.003285603451428945, 0.001376325301946418, -0.06564128684365399]
- [-0.001362574905367469, -0.004183620930602944, 0.999990320305919, -0.025422404301485055]
- [0, 0, 0, 1]
