T_imu_cam2:
- [-0.999968057, -0.004017116, 0.006910042, -0.015756133]
- [0.007882115, -0.352189169, 0.935895647, 0.011336831]
- [-0.001325960, 0.935920217, 0.352209582, -0.081965403]
- [0.000000000, 0.000000000, 0.000000000, 1.000000000]

#T_cam2_imu:
  # - [-0.9999680565342058, 0.007882115324930234, -0.001325959731373361, -0.01595367039016107]
  # - [-0.004017116484272045, -0.35218916876796513, 0.935920216780086, 0.0806424922458367]
  # - [0.00691004242798216, 0.9358956467793489, 0.35220958200070196, 0.018367784684027604]
  # - [0.0, 0.0, 0.0, 1.0]

T_cam0_imu:
  - [0.9999375464979914, -0.010722964857499696, 0.0031497822531990796, 0.03955193992298528]
  - [0.010724766264408025, 0.999942333696061, -0.0005555817217887805, 0.004683882969465355]
  - [-0.0031436431336201143, 0.0005893277022139434, 0.999994885087273, 0.008215936110147091]
  - [0.0, 0.0, 0.0, 1.0]

T_body_cam0: 
  - [0.04132279, -0.99908152, 0.01133729, -0.04988]
  - [-0.34024411, -0.02473974, -0.94001164, -0.07559]
  - [0.93942875, 0.03498646, -0.34095392, -0.12605]
  - [0.00000000, 0.00000000, 0.00000000, 1.00000000]

